4108
11537
23127
32511
3892
22752
4691
26398
15183
14261
4607
19111
24084
17988
16768
19195
6937
21807
19059
11333
4076
15595
7009
6467
23028
25715
9984
22485
7686
1712
23343
14919
28102
25251
2991
22878
9924
16984
19619
25380
10066
1163
30918
2675
29991
5399
24430
25411
12725
34
22084
14261
30794
3082
10944
8667
488
1550
12135
30285
10981
11708
24772
19309
13891
27422
24104
10613
27341
15268
12833
12101
26102
464
9915
14319
16497
9124
8569
19710
24719
9163
17169
29066
5725
8585
18155
4604
23929
27492
24152
9377
24760
4240
914
18161
7034
7451
120
25501
13512
27869
9478
11611
28722
16669
27030
31345
20586
1284
30936
19715
18336
27842
23954
5148
4509
23426
20504
29053
5023
15374
24459
4137
24055
14402
29393
22444
11107
31538
23896
2095
31276
27163
906
2877
6911
10
19214
1363
20876
14414
21189
29737
25312
13215
11903
26051
11651
1035
8833
5174
10065
19364
6839
29243
23832
6635
22969
29813
20471
13307
7040
9090
19569
13173
10213
17091
5972
10287
4317
6124
3148
10395
6262
8011
2630
31993
31376
14552
18822
20796
5724
6656
30599
6589
13206
4145
13462
5794
24450
24612
20269
8717
7592
19950
22800
13572
26703
6598
29225
20259
15546
32148
25892
11523
12068
30526
29130
31081
17021
27569
24862
25903
32739
28337
16186
20978
2527
15201
22247
31617
10084
10642
19197
19456
648
11212
27008
18144
5887
8733
5239
13951
3164
3491
23692
2206
30728
28891
10597
1414
17150
26792
3013
19962
12108
18979
5473
19419
14665
20773
21123
414
20631
11157
16736
25710
9431
28018
25402
11552
559
14751
17206
19419
31101
11122
3835
27267
20568
19707
7438
10730
29899
9748
31984
1461
28880
12333
27892
2832
6542
15060
20962
19985
30290
3335
3150
18925
6991
20282
18357
6109
29718
2598
8028
10446
14803
18008
13545
28107
4429
6261
5310
6955
3227
9805
1049
29306
3239
28839
5357
16168
15972
28103
7037
29172
12239
16575
25022
1814
14503
6523
13418
9007
13035
2442
9700
4849
16152
22956
8911
6542
4127
11297
13420
14817
31528
30636
3255
26207
18185
10089
14401
17340
30597
27476
4556
27229
4165
1429
21416
21120
2966
8333
25296
22317
232
31137
12227
31708
14082
27849
18724
24803
7686
11479
31761
4774
27945
13448
7747
8061
24622
15436
24042
8291
20647
16597
13126
8292
9963
26209
20485
3781
24278
17608
10336
10224
7235
26693
29172
294
2890
4868
13408
8931
2106
2927
18340
24080
19285
824
23604
18411
5198
25382
26847
2230
4483
1953
6755
26915
32506
14844
8396
19066
14621
29316
30353
30096
16182
12108
32108
27752
25001
27574
3325
10918
6131
1218
20253
184
14950
5654
1539
30146
7073
7121
6169
23629
15825
25872
32156
1456
8107
9020
27638
16442
23845
8730
23259
3108
8183
29840
16165
13114
7125
8760
6000
12099
4713
8614
9845
2869
6930
11130
30503
11034
10847
12836
1679
9920
5450
2682
12136
8995
3124
4347
13178
22171
18852
22497
32439
9158
28863
10728
23
30515
22407
28129
13363
21459
14548
14069
15779
14880
2578
3514
10009
22026
28864
15863
11066
8102
5028
13623
7744
23190
17358
15888
21840
8246
14676
9265
10140
24716
24519
3373
25913
1516
28279
4617
24509
10094
18539
25990
24736
30225
24607
4912
10576
20652
6907
8995
22801
10904
28824
11936
21659
12575
16818
12627
2929
23459
8939
9058
14083
21134
5957
10293
28547
22781
30301
24072
12935
9515
31336
6706
14179
21407
12783
7730
11588
24854
20810
4478
16141
22318
8158
19468
30961
6103
32022
15773
27605
29561
14626
32204
10851
30181
15730
20698
31726
5630
16625
11574
24841
13348
1026
3535
17893
4963
20539
7450
32366
14688
14308
1250
26661
24831
20781
28371
19899
27605
26931
452
26739
32337
27313
26568
6965
12969
29830
10483
17265
3718
23531
26348
15289
10094
5744
17719
27677
8693
18363
2623
1093
30627
28416
17702
15185
12196
28735
1101
12657
30258
30017
26786
20291
16067
25168
8620
16112
23794
23225
7768
23300
16430
4354
32385
12049
15908
24300
4417
26116
6125
24871
27642
16962
9719
4824
26146
31626
22197
9419
1490
7818
27654
3192
10510
19006
9062
1719
30674
26380
13527
2627
27361
13217
21645
26096
29517
17289
9052
1708
3781
19344
14818
8503
21665
22492
14964
15266
18351
18375
5577
21129
30907
11134
28265
5648
17888
24411
18131
31390
17041
258
26225
6492
5223
6717
8508
7276
20648
7576
28207
13033
9883
4284
30829
18595
25230
140
5937
32151
5539
6913
22649
6448
28255
2758
2674
30016
3569
28818
28578
7357
26178
5705
2520
6716
27840
14290
10195
12845
11754
32182
8629
1244
3484
1406
28710
21539
16408
5065
2631
26864
18392
19503
13917
21626
1046
2777
14650
2370
7191
15325
4203
1996
21307
19546
8995
6938
4550
4439
5610
24813
11884
16476
11525
6587
17566
21966
27044
31855
9111
1291
19918
2531
8741
3658
29453
7197
25400
5680
24537
11597
22316
23345
18373
4738
1494
25772
8811
9776
27984
1989
17688
7778
389
24066
27448
2751
6267
2469
22912
13886
20323
25547
2013
26793
13410
28745
32288
17363
16669
13122
20326
14488
29191
17544
24649
20377
1642
15544
25544
16821
13622
22548
15094
7238
25228
27422
9062
27936
8714
1274
24658
12874
4565
23425
19085
2426
23143
23844
29487
23378
24350
1159
17658
32349
27520
18905
20622
3528
26959
19957
12113
28640
27473
6970
10524
18511
6364
6187
2214
21014
17955
1989
19121
23882
17731
13220
5110
27790
15373
7124
6609
11860
2705
18552
27053
19922
3695
6429
15149
22470
20189
11740
14623
12011
23927
17969
27937
19510
30666
12702
14865
18137
13726
11775
4406
24565
20487
20396
20016
3613
19754
20305
26016
17551
7376
22924
21142
29233
29100
15435
28350
29773
25452
3556
8522
30988
9602
10737
4254
3508
24239
8177
17087
21665
27988
28576
22649
7940
9336
12050
20306
26207
19864
30353
30257
25020
31538
11836
206
12976
30736
6492
26073
26131
24405
15237
29674
17532
10569
29553
18731
11903
14564
26524
6599
166
13852
8351
28945
15152
16622
27981
22901
27020
18734
27791
5919
1427
5903
22783
24941
21129
20594
29255
18197
27602
1775
8248
10518
884
6820
11177
30816
3152
32192
10518
8770
19488
9422
28916
22423
4399
12226
16853
6832
2011
6085
26688
16384
27596
28096
2126
19850
4338
30122
25861
25867
64
10898
16756
9447
9258
30571
14226
11220
16607
12443
8407
11080
13382
6722
27800
13475
14778
1866
35
11548
11654
23859
31903
5229
3103
2204
1696
2622
10532
11920
27533
15955
23062
9878
16562
14196
4311
2423
22564
7456
8676
24781
10072
28656
12882
17232
31618
23757
2442
27104
6063
5841
17092
2386
6305
25598
6724
31994
14958
18593
21079
3581
23511
32132
27660
25427
23401
7382
12211
26270
10837
12763
16663
10670
12560
5972
15227
6353
25003
20652
4437
1499
5104
18919
11212
22520
1856
10826
1523
27700
9775
9675
16323
29383
26588
31031
25818
21794
27410
32037
25334
28858
10016
31646
27696
12951
20088
13449
16632
24475
16138
15577
7636
5523
7262
9333
18648
20735
28531
3818
31460
930
26715
10963
8352
1992
7571
13316
12088
31834
25892
27769
2264
21922
9082
14337
11494
11999
11271
18090
12291
10376
3991
31211
14271
24416
29810
28820
30238
18495
21555
25974
24783
31898
15211
19666
8230
17367
26357
23682
29150
25939
23319
27369
31633
3887
20573
20636
18675
24030
4662
14541
29138
20591
11083
3195
9166
13723
31651
25692
3032
23950
5240
11653
23403
7285
30166
27871
25997
27084
2553
19786
3972
10341
31332
25742
4441
25399
15041
23302
16910
2796
25980
25099
27550
40
17949
9505
25273
30363
11625
8676
24124
31941
27448
4785
19058
13452
2581
22547
5133
2175
10392
3316
9954
27112
3202
12672
7272
25492
19357
6360
21998
3425
9809
1404
32416
11404
28678
8309
12600
3256
8509
14149
15747
23997
28526
27791
18842
8758
1695
18310
19166
31433
16585
19991
4784
23092
30442
5590
27381
28189
18409
30634
32333
18582
28974
21047
2062
5745
5374
1806
2050
28234
2711
7831
30181
1101
5135
16058
12445
20171
5613
24656
9527
26497
11396
28493
27046
13730
15123
16809
18234
11434
20638
4371
28897
11234
32394
25429
24865
19121
31995
3461
7121
7593
14574
15857
20379
16461
10261
14536
4913
12196
32374
13192
14930
16766
8642
31531
32379
17545
30326
20753
30574
5395
25267
10924
8036
12956
8926
16365
24337
8739
19447
5234
23900
10541
6074
26476
3803
11669
22136
13906
16656
17943
8882
15943
7525
18331
12922
10316
24553
23361
25226
19493
15816
26928
22305
13837
14220
25631
20129
23321
21270
16799
490
10348
31066
11055
11892
22816
29662
13310
9775
16111
17904
8062
282
27045
23978
1197
19621
22854
22695
23074
21704
9983
22658
14042
25311
20685
8979
21440
3660
5103
2664
6654
31435
524
22661
18950
8339
15652
15068
1887
31282
1593
27018
21808
13350
2745
1623
20365
14906
7346
28524
11653
16039
16820
466
22503
5862
17541
1967
8408
2646
13704
20031
26646
28306
1514
8083
14346
11664
10641
7180
10127
4474
27589
12183
3205
29260
25244
7846
19220
8498
11560
26353
19904
11679
26719
28657
29233
24621
1741
18201
30400
1848
30459
25555
13505
28984
17565
12094
13203
12514
8319
19368
24680
1790
31534
22477
30421
3591
7782
10701
26137
900
28991
15855
16173
19241
21270
21784
30608
1964
14652
32521
3279
25961
31585
3163
21718
29365
31423
9276
1785
8706
4102
31207
18882
20919
27658
24037
20856
30156
22319
9989
23412
16169
31632
12060
4643
23740
9714
24445
9690
12892
10603
2359
9821
8545
20946
1297
26925
16127
4325
22342
2197
5223
21053
21249
18291
17564
8690
31127
26055
13333
4622
4486
12797
3608
2738
12593
25338
17361
28938
14681
1768
24885
20722
31579
4802
21401
30053
1836
24222
32273
7082
23828
6846
14217
11581
32557
2389
3749
11390
7835
2329
28506
16412
24713
15500
1609
2367
30439
23051
32223
12408
2276
28819
28973
21865
10029
11606
12424
19763
18403
28162
13280
23460
1631
11212
22241
21277
8869
2878
15051
18245
31913
7366
27154
15984
1860
6650
6581
3533
28404
11180
9311
19537
28758
1202
6975
2151
6757
23922
2215
11348
30832
7216
16486
15724
24541
13847
23014
25079
23967
5384
12294
23008
32632
3622
693
22051
29936
13598
5715
23284
17425
6199
27848
6320
3559
12573
29792
26501
7867
5741
18541
20960
17929
14847
24475
22937
12871
16375
17425
25569
19541
14987
12621
30695
20162
22161
13244
15437
5317
17616
9756
24398
23798
27651
10386
21931
31695
12204
28042
7258
14822
22431
30802
26862
23016
25674
10614
29893
597
23493
13529
20211
1789
23453
23960
24817
20030
31584
5023
4614
19962
19432
20231
13681
23643
32616
17718
12123
20550
1592
21429
31872
11680
11360
15567
2199
22851
998
4591
32646
4287
10199
26551
1351
8657
9239
12256
152
7587
3562
21716
25701
969
6462
29453
9206
8440
14014
19499
15832
7556
1687
20440
2444
30624
11272
22108
13298
25939
19884
26879
5748
23100
20103
13346
21747
11527
3026
32540
28273
6315
11143
17877
11395
5481
18347
20517
7540
17796
606
25322
1337
29121
20131
26347
28953
20893
31216
8560
23065
6993
17013
23197
553
6022
1580
3474
30735
13528
22181
32325
28183
22285
32143
20762
20343
24082
15877
71
16516
8377
24222
19178
30103
22324
18483
31207
3261
12625
17774
5763
22050
5235
12056
28354
14139
15700
4383
896
5301
16764
5224
15442
28448
11392
14682
32026
7771
13563
12070
31084
22462
17742
21464
24996
27402
21527
10527
17859
25105
18546
18908
18958
28453
26098
11373
2405
22082
31838
15798
16740
15611
22315
8435
9275
3365
10429
8257
27726
22085
27998
6629
3467
22970
506
30307
8335
11690
27296
29504
25464
8877
1209
20113
27784
22588
8454
8012
27263
11224
16731
26187
3765
28410
30237
9247
31993
4029
6013
32666
23852
8269
22129
18715
27293
26895
24951
26263
7460
29070
6409
29804
18429
11304
4063
9958
19050
12413
21223
14477
11783
12435
13573
28980
20203
5321
6794
4547
27011
27266
118
12479
10799
4493
15214
21406
6809
21590
10875
20685
2266
22222
22920
18045
17483
2076
20378
12849
19499
768
1229
29961
19445
2315
15378
20684
383
1153
15530
10678
26834
15625
10081
6407
18893
11035
25483
7240
888
5670
24512
27995
12585
27012
8791
20298
1369
27678
26019
23500
30275
18143
15344
7574
6210
1498
30523
872
16872
58
20661
30675
21981
21229
3062
10698
20094
23056
4609
20976
26417
21785
16380
155
32650
8646
26028
16555
5151
14793
12210
6926
26923
24368
31111
18190
17125
9110
17209
4961
18334
13835
18147
21487
26525
9156
27117
24673
26299
30595
1545
28526
25533
25541
17896
23268
31092
25517
4544
6264
21910
32435
18303
29519
24923
6924
15052
21064
22487
2776
14530
5904
26138
16398
2923
25059
12553
21287
14590
17954
23803
18573
31449
15258
29459
16578
10301
22670
16480
32592
4299
8330
2741
29813
706
29671
14153
13706
30966
27677
16143
4151
11407
12491
3284
9305
1671
4488
8474
12462
11489
28775
6070
32326
10154
18764
27435
5802
22961
25074
4549
12489
18693
28344
20597
166
29491
14382
24432
21955
10556
3427
15494
13388
12120
3820
18243
21764
7278
7861
711
14320
13646
135
6501
13765
16308
30557
32254
15379
2301
27494
18204
8238
7335
25818
8141
13535
26250
26493
27205
3791
15576
31476
28723
9135
3542
27595
15583
12328
11607
4418
32008
4230
32253
9178
128
30756
29231
28836
14723
13205
8409
30020
21980
24983
27110
12488
19894
20152
26239
13611
1091
24518
8448
17831
22030
14072
20671
3518
12577
32733
5500
15623
4822
3592
28326
5049
1917
14968
27219
11257
1971
11210
18429
3043
20349
29982
2813
19546
2855
14281
14537
24720
30175
13247
16110
19028
17936
29374
15563
18206
896
31291
11539
16860
9000
12301
11008
5498
1239
24028
20312
27700
11909
32584
24865
18331
24952
18137
22051
32104
25881
1449
24354
13572
9107
25043
31704
12755
29745
1946
21172
30276
12148
16729
18517
2970
26871
8751
4805
31351
27395
12134
17526
16429
20466
13479
2813
19652
21828
12000
7568
21963
17539
31217
5953
2527
3543
11545
14583
28925
28776
21027
20273
1415
19574
25424
14203
21015
31546
15363
16812
8199
18556
26671
26852
701
27121
32385
8265
19383
4186
29005
12156
13146
28253
569
23261
17018
20770
17579
21380
18600
9901
23283
11002
27455
3582
23096
18107
6445
19690
292
3948
28546
18359
11599
22492
23226
22138
15212
14268
203
5169
15926
22046
16365
928
14360
24496
20011
9708
17311
9397
17838
24312
22176
6855
10692
17283
3112
15950
12467
11518
8488
4031
24128
12078
4061
10389
15102
19334
30209
9232
13399
32322
12723
22448
29020
323
24871
6000
10316
24750
12557
451
16614
15683
9666
3919
20335
22653
19257
25196
13442
18030
30632
4699
28058
24921
3314
28230
25184
23309
25815
29692
15029
2052
21470
30313
2431
16447
28414
12246
22580
29151
15
15334
24360
16771
21747
13644
30358
21605
21891
29517
3184
8243
3131
8953
10983
23727
3494
14377
23481
29445
27272
29239
29757
1776
6349
28800
5679
30091
32564
4763
28988
26103
4027
8278
4428
18354
7369
30068
17811
23218
21790
11561
27735
7493
4731
2385
12159
15272
26384
4468
32223
23913
5546
9595
19781
27773
24729
46
28995
12832
23394
25973
4794
25968
11049
30795
5163
1992
25053
29825
28349
10973
24609
18488
21518
31899
27133
18716
8378
13501
23113
353
27564
16430
8405
20606
15911
17955
30553
23468
16531
25333
31008
2589
26632
13503
2419
2301
28828
5564
13510
4905
12396
8285
30885
30898
3949
22829
7772
8720
12272
6757
5225
2854
5110
7502
29346
29177
19257
15707
5414
13616
30199
20738
31237
7755
10365
13406
19887
5027
31607
24966
21021
28198
21753
12971
3265
28366
13900
10739
26414
4070
6777
23321
11911
11772
12695
21185
7593
17573
1237
6044
24088
15091
20295
8512
11178
31671
6001
24772
1782
21879
21908
14111
8826
24110
12986
30014
30350
22214
11395
16871
10252
19030
10670
336
11708
25883
19303
6782
24706
16184
1875
13919
25159
5934
22108
21670
1959
14361
1084
21098
12383
1968
27595
15998
14964
30714
11273
6030
31780
22737
8683
20478
28814
17688
13030
13186
800
10171
13372
2685
9668
5227
31497
5915
7626
28695
24844
18477
13204
9513
18998
15815
12547
24453
30453
31643
23205
3138
12093
25876
20379
6438
4699
24370
31819
12260
6009
13352
3019
26900
2800
5303
1032
13046
5201
21321
30906
26599
4401
13516
264
20639
20664
29524
23546
3632
31720
20079
28578
10174
13998
17735
3850
14335
17835
22139
13020
30322
17599
25018
4308
6238
14937
1827
15846
17809
4993
8288
18222
7382
21666
12156
28060
1075
2841
24456
28764
16615
19326
29426
4614
4902
18613
15264
17546
20882
20403
30927
10201
16505
13328
13999
18260
8401
31057
3002
16885
13044
17651
20440
18752
10524
25911
10548
8935
17820
30897
2780
6464
8420
654
283
1639
21298
30632
26518
26163
32281
4171
25897
6873
29107
27333
18815
20578
27045
19120
10355
10958
7639
254
20266
11014
8944
18633
28397
30339
22164
9432
6599
28095
21341
2544
27874
15710
10394
25057
1186
22044
20938
13132
5758
30582
10711
31285
19619
14616
22034
32076
16199
16137
25842
11259
10189
1176
7308
20782
10654
27142
13522
9958
19649
28912
31115
5757
1600
21379
4118
12727
27195
25182
23774
12428
25545
21829
17564
32696
3730
31372
17744
11262
3629
28990
8957
13888
32570
23056
9255
7232
24127
11016
6669
8756
67
4589
12455
10507
31020
4461
16990
7554
3033
17681
11149
19429
32767
30689
22972
9382
31172
31190
4758
15775
12061
24580
11952
7207
5864
7044
17401
5078
28105
4898
31743
17944
11461
11212
4583
3700
19871
27573
13353
26522
30965
9292
17936
5422
31258
20192
15597
7767
5299
2064
5406
25862
6160
22004
6850
26119
19536
9484
569
28105
5427
10220
3166
19948
26301
1445
12932
24463
26512
755
5681
24151
23815
4648
12445
26688
15634
30171
32232
11811
468
25167
8223
8459
6910
18853
13805
10296
6377
16066
24865
11247
28022
6910
14563
263
24230
21138
9142
308
1784
9150
21805
23570
32646
3261
27501
27889
4062
13417
26726
8547
32673
12718
720
15494
26078
23984
2791
786
4652
7356
24295
7201
27529
18928
11079
12994
24821
12713
29365
9276
18382
18095
6612
18210
17386
32290
29368
5915
5494
32292
1053
20846
26769
2884
2155
20048
680
24749
24682
8941
27023
24339
30149
22584
24676
15961
18752
17011
22052
11778
10425
17789
8714
4190
18656
4575
10668
15472
16053
9877
19667
29346
5318
9116
13085
28712
30758
14655
22356
19764
14636
16418
27789
4574
7153
17931
30977
11729
13447
7028
17067
16055
19194
11729
27045
20834
775
15009
19523
2495
17310
10039
4332
23931
6681
2373
29116
19826
5434
11309
9691
18908
21479
7944
1180
11574
17316
6002
15957
31218
19156
13596
18177
18142
23215
29199
20118
1620
9474
19393
25383
5159
29098
28889
6330
13896
20430
32706
21223
31804
7904
8689
3125
10558
11089
4087
14132
5427
23319
19014
5466
12370
9695
4803
8094
5520
21778
29455
23766
22476
18314
23445
16849
30143
13585
10067
30516
8353
11677
4201
8469
16796
20558
24932
1113
27122
30243
28487
9678
6637
19584
10333
16135
2698
7008
17345
9467
26084
13146
23977
31836
6754
16213
3191
22457
13472
30218
14974
6995
27678
26430
20628
17087
20139
24765
32092
25663
13967
10005
9552
3553
30587
32280
18321
22613
28209
15631
25454
19343
24307
27326
10934
28961
20141
7452
3262
12374
17121
6351
26161
20494
5206
27753
24986
14940
16512
869
21682
24032
26030
27872
9835
18661
22006
21015
2489
23099
27872
22692
6435
9171
5077
27768
7949
23324
8518
11671
5826
29472
32412
32150
12868
15453
16610
26838
28883
9828
8244
26494
4671
32564
31207
12858
29422
19540
18806
9909
7341
6578
17455
30679
6199
23102
929
9662
19333
13894
27332
31102
28891
25488
12775
153
29327
25401
17754
17469
14232
16720
25311
14400
11482
12849
8657
7644
5939
10659
21010
22058
31301
18353
23990
24671
8194
14153
6513
32714
3321
23190
12225
17801
28002
24861
4826
31246
18154
9113
8534
8790
31551
24983
27033
7395
26459
15569
14341
4734
11153
3660
23523
13998
26713
28976
20236
5110
31708
8043
11355
24530
3134
31748
8402
4720
27309
26431
17295
15919
6958
14454
109
25304
3362
31154
377
14494
20635
16652
17179
11991
21601
17350
16128
6776
30914
32552
22986
20563
797
4892
32631
9999
15917
10889
6802
7403
21270
3439
21020
7474
10033
14535
14903
8573
19096
6168
25496
10923
17264
15577
30122
19873
16889
12170
16259
20418
2391
13969
27528
3885
6430
11989
16862
12985
25503
21020
9623
23986
7412
1829
14489
25424
28365
6021
21070
13819
7417
26434
13582
3649
26292
2609
11852
1427
12467
21263
3458
8387
17392
14434
7645
1598
11573
11021
3752
23561
2411
15030
30330
2428
19104
9176
23840
22721
16857
9127
30792
13324
31133
11687
1778
31384
11582
24330
30614
10597
26854
19406
17686
21426
7781
403
13922
10044
15036
23613
27885
30773
2153
2126
28115
4355
27248
20224
4551
16829
15406
2085
1982
27494
25053
19903
22109
743
21990
19807
2083
18382
16106
21310
28246
10953
23182
27421
9903
8160
18698
13020
20420
22646
1393
15068
6201
8446
5822
4118
5286
24188
17826
19448
2119
26562
25360
17923
3175
13928
27524
17190
17033
11144
4887
16088
32091
25662
1604
10743
3163
23011
27512
15203
5702
18948
29019
11865
11845
8740
30177
2705
4055
27446
4623
21015
11645
28889
5773
12523
32295
8273
17649
2647
13665
23369
20933
18
21053
14923
31582
20249
12543
31483
16732
7753
2955
5655
2304
6845
5263
14639
14897
32234
6512
8227
8524
22907
22262
2657
8623
17645
27830
18395
1283
18667
6979
6603
29517
9319
14611
25382
24500
18300
2611
25825
30224
8199
26283
486
21814
5119
23471
18133
8710
17816
13194
12667
16177
32028
4170
29715
13771
21636
1324
12351
6804
217
23238
26052
31750
21837
27127
4360
9502
23576
14734
13645
16619
8467
19133
20139
10967
2583
16444
26575
30648
22804
19516
20342
918
13296
4370
10663
4154
20005
24736
22707
16507
4121
1667
31213
31816
22588
2302
29226
2420
12772
3241
17911
25925
7656
18137
14749
10938
18686
10958
29909
4512
19413
15776
9803
21075
20721
15590
25301
31317
15434
1067
15472
32144
12452
23826
19711
4203
3757
9795
12482
5775
18904
32028
11415
12918
12028
22041
31732
16824
30891
12287
672
21013
19795
19915
24116
23361
791
9054
4949
18803
17771
24805
21166
9388
30834
18698
4528
24775
30231
15836
29449
8773
237
12415
15077
982
2247
24467
19175
10407
7447
4197
25062
10095
10503
11992
7016
6711
21849
17
27359
24300
11263
21478
3749
21669
22905
24836
14009
8629
10226
14306
23351
20080
4122
30825
32409
16574
31682
13920
22448
25697
5689
14489
8032
3078
18024
32477
32286
22285
11951
15000
21803
10264
20094
9797
24461
30805
8628
26520
26322
5004
22968
26733
1924
2279
3160
21107
16747
23685
29796
6551
20357
17853
8201
16691
966
1586
10479
18419
8848
9627
21010
26251
31216
7759
10081
3355
12446
18067
31512
19293
2227
676
23774
3988
4648
2947
26270
26676
2322
22147
31525
13394
23456
27027
21120
28362
5072
10316
28691
50
8436
26041
24185
17282
15592
18154
19743
10623
26896
16951
27552
9964
16148
18261
7902
22896
4443
23578
27620
3910
5960
14864
13438
7590
8503
14523
8598
12791
4150
4266
22349
2481
3459
17216
20189
15636
15818
13120
29233
2186
27675
14874
21825
16605
26797
17911
10543
24089
5973
19590
17699
18751
27076
7812
24807
22702
16771
26638
23873
10065
30128
27046
13844
12937
30838
13831
31285
27353
22605
168
25870
9044
6391
18706
30197
3015
8246
28386
8522
8614
12877
31389
30547
17335
14909
10040
23767
21632
22972
30818
12668
6002
31989
27031
32736
13522
28163
485
4986
4203
9259
22653
4143
24309
19163
22009
26548
9795
15462
15983
18598
5168
27773
20537
25450
22600
32365
898
8390
27701
795
13969
9788
30448
6847
21205
17450
13987
30307
14005
10659
7520
29978
28692
31243
3204
22785
5030
8309
23273
20471
15605
31932
4559
19484
818
18019
3208
26634
28348
16685
26341
21206
15218
8059
26211
32709
29625
11882
18965
5582
12364
10153
11601
23252
2246
17691
26906
5792
241
29232
8273
10656
32460
14083
25242
21345
5470
14643
4623
25806
12349
28291
30631
23078
27613
23857
12901
6334
9882
1559
27968
19580
5763
21634
2005
8463
28652
12245
7631
21231
26802
2782
6418
21528
9292
3316
15018
134
21655
12501
18039
7791
7006
30017
15764
9795
30890
31573
21388
3684
20943
11945
2620
5797
23859
21289
8326
20356
32477
5300
16314
22823
25025
29814
5061
5657
22990
12293
14871
19905
23219
32318
13142
31398
3957
15838
17348
16485
24242
29151
28272
17773
26546
10137
30496
27777
17459
8852
5882
10731
6897
27182
20468
28801
20215
5361
2817
29273
22440
28081
27897
12619
3468
20072
3652
6955
30684
19666
334
11715
26316
5320
21419
24211
26267
3166
30213
16968
22363
7611
14025
12284
13696
17083
15253
23603
24363
11846
9568
10129
25140
12142
19303
7517
7929
10827
14555
23990
19434
17046
22860
28567
9680
5128
32723
13964
22752
5232
13570
2097
28291
31639
30604
7536
19427
19667
23477
23414
3381
24173
13688
12410
18889
31412
14714
45
3283
30430
16561
23551
3831
23458
6867
792
31894
31637
7041
26129
21723
4936
20016
10870
11651
20255
31963
27133
26480
21232
30059
10627
8173
8031
14817
17354
27327
28924
1865
17396
8432
29977
24415
27582
20571
28780
254
24958
6134
13162
31564
16859
31970
30814
18343
4430
1076
1867
5710
18779
7553
15239
14800
32144
10796
18196
23861
21562
11631
20413
28909
20202
28970
16885
31356
7851
11118
30063
13027
0
28873
32636
8141
23200
32591
20265
4991
8432
11885
28436
16252
11076
3949
2322
17915
2774
2760
1923
30218
4226
1583
28783
7806
839
24408
22121
9121
17022
18313
31520
17307
20440
19429
32709
13724
32025
5753
16161
4047
14742
13318
11634
8190
15215
27276
23049
8965
141
27803
28324
1784
25434
30041
18572
9236
16195
6482
1902
6246
24815
22531
11770
12861
15932
14884
12349
5457
12798
2233
3007
1712
14198
26839
17756
2924
24980
26679
26850
17926
2541
18044
26224
16025
29562
1860
27017
454
23830
6384
1531
16995
16310
7220
22130
27106
13413
6237
26843
17283
15879
10341
5242
11834
29386
27832
5578
350
16747
19908
3096
4118
20014
23363
13534
30595
9114
21576
224
9133
13048
9227
24328
14127
24714
24436
22786
16802
6028
3944
23959
28875
8684
21463
21706
10372
16328
11138
22965
11627
15019
27789
13856
20044
28807
14792
31718
14415
4722
189
22536
25057
4897
19577
31630
14435
293
31003
13858
31893
18663
5150
7786
31169
6756
30054
25640
935
28329
23820
10260
26411
26894
8681
30069
14785
4146
15588
14721
13204
6842
15612
21626
121
19400
28692
8325
13207
6973
19586
2632
18898
9647
26453
5963
26364
8233
874
30220
14779
19365
1326
29663
12856
9290
22320
29836
30604
18534
2926
18343
18411
21290
17755
30637
12174
10023
14515
28387
16994
25740
18687
3567
17522
1820
5607
4147
27925
26610
59
23021
12503
7925
29632
3087
15912
25
442
31199
6343
12378
6206
23631
32748
3705
25140
24346
2872
27509
7214
25507
10845
20168
27116
5517
29581
16999
30891
11545
27812
25207
31282
31555
15124
11471
17562
7068
26260
19505
8928
26598
6792
23368
8748
2417
4655
23393
26590
17464
7054
23273
23646
22458
23840
1963
13984
4506
19002
10438
13433
28150
29248
15471
2981
24967
5770
13676
24468
10621
13075
5195
18425
15640
26087
22630
13328
15622
24907
1176
14001
31872
21673
13245
1817
34
30786
30955
17012
3726
10130
1906
14890
11969
13954
24212
23278
12336
27984
29956
30855
6314
22335
8224
2652
5101
20478
13038
9410
16645
31705
4312
15110
31080
5793
12327
30265
28115
17756
18497
11454
13539
22189
10146
18068
10098
7682
28060
6756
9911
21887
9167
3914
10268
12974
29542
3939
8926
6627
29206
5915
15207
7280
17111
27956
18539
11662
1633
20373
3524
14854
22373
8408
18702
3746
20112
25233
27650
14679
19009
2143
8339
20783
30212
28597
29386
20728
19926
2150
15458
28847
6424
31218
11811
10665
6479
20882
4863
20871
26785
1285
10478
30679
17423
22041
11145
29322
15731
25336
27752
17690
4409
28472
5437
20088
7133
12704
28589
27062
11048
12987
20210
28025
10026
2079
30513
13852
20214
30842
7836
9893
1312
21601
25671
19560
26615
4057
22731
4477
12675
26785
29853
10723
6973
9541
6188
10097
16785
14564
29116
24704
17172
22460
25861
5466
6021
18554
20618
97
23173
32323
19643
15615
1558
18306
16586
12625
22741
7536
26957
26259
25591
24676
11416
31818
32005
3296
22744
8755
3927
13655
10224
17646
2386
19648
9491
22890
24929
3547
20518
29455
28340
2886
6867
4270
4539
13375
7021
19498
26721
23094
4486
22755
2569
794
6226
31974
1865
5216
8890
28885
10601
8915
7488
21143
11674
29471
20885
5824
30710
30491
26620
9407
31292
21465
8796
2506
19015
15471
11560
28298
9299
11652
8687
15238
21744
21914
6082
6224
18114
13853
23881
12657
12286
18735
14500
28948
7076
14385
18691
5750
19068
28433
26116
22537
10195
6230
6352
31851
19954
19949
2803
5642
22115
2737
1791
19859
29155
10427
26336
26399
1062
30831
3070
28189
16205
15427
15637
13309
31527
5454
1492
3489
17451
11413
29751
31620
24114
9492
20388
10408
14068
8846
9672
27713
1097
28948
18735
14883
2587
6488
7589
11756
17454
28079
20048
7409
28559
23527
18826
23274
12253
4047
7808
7516
19515
12927
6284
10698
16400
21099
13394
15002
7045
16427
19100
18121
28604
27656
3318
6222
17105
4166
12297
23887
18321
13364
24504
8198
21757
21492
22780
20850
22909
14602
17792
21181
17892
20391
13563
10608
11303
1203
20561
19033
3549
30877
8809
10040
5750
4834
4812
27436
15675
16990
28163
4576
2825
30294
6061
17781
32717
7233
16994
12077
21438
11865
18763
9949
4190
7910
1917
27921
15662
11333
18714
23548
7220
27067
12838
15142
12845
2300
14122
8660
5778
12409
907
5174
18253
27245
27047
18259
31800
30886
14517
14261
13914
6419
5209
32468
1760
1810
10762
4931
18909
17784
24612
24476
20673
32093
23244
23597
14491
32172
29320
5983
26638
10094
30874
22762
28949
21201
25887
19387
21110
30971
19180
23200
21767
11921
11556
11193
164
15109
4761
26271
25836
22691
29416
12625
12734
26971
22867
4067
23414
11340
22876
4837
18151
16405
12583
148
14616
32218
13709
25795
1727
31000
25599
13191
16255
12329
13857
27301
20704
14742
4898
23996
23826
31264
31453
6450
16737
12173
18097
2016
2168
23603
7201
18301
17494
24390
27946
22475
3088
17889
8808
4227
6475
8405
19175
2561
16760
27445
28106
25776
18126
19870
22942
6963
15625
19015
3451
19289
32228
7628
